=====================Analysis for network: Generated using Barabasi-Albert method.=====================
Vertex count: 200
Edge count: 526
Degree distribution:
2;7;8;7;2;5;6;6;4;5;4;7;4;6;3;8;5;2;2;5;5;6;1;4;4;8;6;7;7;6;6;5;6;6;8;4;4;5;2;4;4;10;3;4;3;6;3;8;5;5;2;5;4;7;4;8;4;2;5;6;5;6;1;4;7;8;4;10;5;5;5;10;3;6;7;2;3;6;5;8;7;4;2;4;7;3;7;4;11;2;7;5;5;9;4;9;10;6;4;4;5;11;8;11;11;4;4;5;6;3;4;5;4;3;14;7;2;4;6;3;6;6;5;9;5;3;4;0;8;5;3;5;5;12;9;5;7;3;6;3;5;3;2;5;2;7;4;8;3;5;2;5;4;1;6;2;6;7;3;4;3;3;3;12;5;4;7;4;7;8;8;7;7;4;7;5;4;5;4;7;7;6;3;5;2;3;3;5;6;3;7;5;2;10;5;7;7;1;7;7;

Average degree: 5.26
Clustering coefficients:
0;0;0;0;0;0;0;0;0.166667;0;0.166667;0;0;0;0;0;0;0;0;0;0;0;0;0;0;0;0;0;0;0;0;0;0;0;0.0714286;0.166667;0.166667;0.1;0;0;0;0.0222222;0.333333;0;0;0;0;0.0357143;0;0.1;0;0;0;0;0;0;0;0;0;0.0666667;0.1;0;0;0;0;0;0;0.0444444;0;0;0;0;0;0.0666667;0;0;0;0;0;0;0;0;0;0;0.047619;0;0;0;0.0363636;0;0.047619;0;0.1;0.0277778;0;0.0277778;0.0888889;0.133333;0;0;0;0;0.142857;0.0181818;0;0;0;0.1;0;0;0;0;0;0;0.032967;0;0;0;0;0.333333;0;0;0;0;0.2;0;0;0;0.0357143;0;0;0;0;0.030303;0.0277778;0;0.047619;0;0;0.333333;0;0;0;0;0;0.047619;0.166667;0.0357143;0;0;0;0;0;0;0;0;0;0.0952381;0;0;0;0;0;0.030303;0.1;0;0;0;0;0.0714286;0.0357143;0.047619;0.047619;0;0;0;0.166667;0.1;0;0;0;0.0666667;0;0;0;0;0;0;0.0666667;0;0.142857;0.2;0;0.0444444;0;0;0;0;0;0.047619;

Average clustering coefficient: 0.0246573
