=====================Analysis for network: Generated using Barabasi-Albert method.=====================
Vertex count: 1000
Edge count: 1997
Degree distribution:
80;56;33;72;22;24;17;14;16;52;27;36;35;9;23;3;39;12;5;18;10;5;4;12;19;6;5;7;21;14;3;10;16;2;3;25;9;13;6;18;8;8;6;5;2;13;8;7;17;16;3;4;5;16;5;5;11;7;3;16;8;4;12;11;5;5;8;6;5;2;5;5;4;8;13;8;5;26;3;5;11;13;8;5;3;3;7;4;5;2;5;5;5;15;6;7;3;2;11;4;7;11;8;4;6;5;7;3;4;7;9;9;10;8;4;2;3;4;9;3;4;3;3;4;7;4;12;3;3;13;5;4;3;8;8;10;4;6;4;3;5;5;6;11;12;3;5;2;7;2;8;4;6;4;2;7;3;6;5;12;3;6;8;4;4;5;3;6;10;5;9;6;2;4;6;4;2;6;10;7;5;2;8;4;2;4;4;3;2;7;2;8;3;9;7;5;5;7;6;4;7;7;5;3;5;8;5;5;4;3;3;6;5;4;2;6;4;2;3;4;2;2;3;3;5;5;2;3;4;6;5;4;2;6;4;6;3;6;5;2;6;3;2;3;3;4;4;2;5;3;2;12;3;7;2;4;3;4;4;2;2;3;4;3;2;4;6;5;3;3;3;5;2;5;3;3;9;5;5;5;2;4;2;4;4;4;2;3;2;2;4;4;2;2;3;6;2;3;2;2;5;2;3;4;2;3;2;4;4;4;3;4;4;9;4;4;4;4;4;2;3;6;5;2;2;4;7;2;2;3;2;2;3;6;3;4;4;3;7;6;4;5;3;4;3;3;3;3;7;5;2;3;4;8;5;2;3;2;2;4;2;2;3;3;5;2;2;2;3;2;4;2;3;3;3;3;6;4;2;4;2;4;3;2;2;2;3;2;4;3;2;2;3;3;4;2;6;2;4;4;3;3;5;3;3;5;2;4;2;2;4;3;5;6;3;3;2;3;2;2;2;2;2;2;2;3;3;2;2;2;3;3;6;4;3;3;3;2;2;4;3;4;3;4;2;3;5;2;2;2;5;3;2;2;5;2;4;2;2;2;2;3;4;3;4;3;4;3;3;2;2;2;2;3;2;3;6;2;3;2;4;3;2;2;2;2;4;3;2;7;2;2;2;5;5;2;3;2;3;3;2;3;3;2;2;4;5;2;4;2;3;2;2;4;2;5;2;4;4;2;4;3;2;3;3;2;3;3;2;3;4;3;3;3;2;2;4;4;2;2;2;5;2;2;2;2;3;2;2;4;2;2;3;3;2;4;3;2;4;2;2;2;2;6;2;4;3;2;3;2;2;3;4;2;2;3;2;4;2;4;3;2;2;3;5;3;2;3;4;3;2;4;2;2;2;2;2;2;3;4;2;3;2;2;2;2;4;3;3;3;2;2;2;3;2;2;3;2;2;3;3;2;3;2;2;2;2;2;2;2;2;2;3;2;2;2;2;2;2;4;3;2;2;3;2;2;2;3;2;3;2;2;2;3;2;2;2;2;2;2;2;5;2;2;2;2;2;2;3;2;2;2;2;3;2;2;2;3;2;2;2;3;2;3;2;2;2;2;2;2;4;2;2;2;2;2;2;2;3;4;2;2;2;2;2;2;2;2;2;3;2;2;2;2;2;2;3;3;2;2;3;2;2;3;2;2;2;3;4;4;2;2;2;2;2;2;3;2;2;3;2;3;2;2;3;3;2;2;4;3;2;2;2;2;2;2;3;2;4;2;2;2;2;2;2;2;2;2;2;3;2;3;2;2;3;2;2;2;2;3;2;2;3;2;2;2;2;2;2;2;2;2;2;2;2;2;2;2;2;2;2;3;2;2;2;3;2;2;2;2;2;4;2;2;3;2;2;3;2;3;2;2;2;2;3;2;2;2;4;2;2;2;2;2;2;2;2;2;2;2;2;2;2;2;3;2;2;3;2;2;2;2;2;2;2;2;2;2;2;2;2;2;2;2;3;2;2;2;2;2;2;2;3;2;2;2;3;2;3;2;2;2;2;3;2;2;2;3;3;2;2;2;2;2;2;2;2;2;2;2;3;2;2;2;2;2;4;3;5;2;2;3;2;2;2;3;2;2;2;2;2;2;2;2;2;3;2;2;2;2;2;2;2;2;2;2;2;2;2;2;2;2;2;2;2;3;2;2;2;2;2;2;2;2;2;2;3;2;2;2;2;2;2;2;3;2;2;2;2;2;2;2;2;2;2;2;2;3;2;2;2;2;2;2;2;3;2;2;2;2;2;2;2;2;2;2;2;2;2;2;

Average degree: 3.994
Clustering coefficients:
0.00949367;0.00454545;0.0208333;0.00665102;0.00865801;0.0144928;0.0220588;0;0.0166667;0.00904977;0.002849;0.00634921;0.010084;0.0277778;0.00395257;0.333333;0.00674764;0.030303;0;0.0392157;0.0222222;0.1;0;0;0.00584795;0;0;0.047619;0;0.010989;0;0;0.0166667;0;0;0;0.0277778;0;0;0.0196078;0;0;0;0.1;0;0;0.0357143;0.047619;0.0220588;0;0;0;0;0;0;0;0;0;0;0;0;0;0;0.0181818;0;0;0;0;0;0;0;0;0;0;0.0128205;0.0357143;0;0;0;0;0.0181818;0;0;0;0.333333;0;0;0;0;1;0;0;0;0;0.0666667;0.047619;0;0;0.0181818;0;0;0;0;0;0;0;0;0;0.166667;0;0;0.0277778;0;0;0.166667;0;0;0;0.0277778;0.333333;0;0;0;0;0;0;0.030303;0;0;0;0;0;0;0;0;0;0;0;0;0;0;0;0;0;0.0151515;0;0;0;0;0;0;0;0;0;0;0;0;0;0;0;0;0;0;0;0;0;0;0;0;0.1;0;0;0;0;0;0;0;0;0;0;0;0;0;0.166667;0;0;0;0;0;0;0;0.0714286;0.333333;0;0.047619;0;0;0;0;0;0.047619;0.047619;0;0;0;0;0;0;0.166667;0.333333;0;0;0;0;0;0;0;0;0;0;0;0;0;0;0.1;0;0;0.333333;0;0;0;0;0;0;0;0;0;0;0;0;0.0666667;0;1;0;0;0;0;0;0;0;0;0;0.333333;0;0;0;0;0;0;0;0;0;0;0;0;0;0.0666667;0;0;0;0;0;0;0;0;0;0;0;0;0;0;0;0;0;0;0.166667;0;0;0;0;0;0;0;1;0;0;0;0;0;0;0;0;0;0;0;0;0;0;0;0;0;0.166667;0;0;0;0;0;0;0;0;0;0.0666667;0;0;0;0;0;0;1;0;0;1;0;0;0;0;0;0;0.047619;0.0666667;0;0;0;0;0;0;0;0;0;0;0;0;0;0;0;0;0;0;0;0;0;0;0;0.333333;0;0;0;0;0;0;0;0;0;0;0;0;0;0;0;0;0;0.166667;0;0;0;0;0.333333;0;0;0;0;0;0;0;0;0;0;0;0;0;0;0;0;0;0;0;0;0;0;0;0;0;0;0;0;0;0;0;0;0;0;1;0;0;0;0;0;1;0;0;0;0;0;0;0;0;0;0;0;0;0;0;0;0;0;0;0;0;0;0;0;0;0;0;0;0;0;0;0;0;0;0;0;0;0;0;0;0;0;0;0;0;0;0;0;0;0;0;0;0;0;0;0;0;0;0;0;0;0;0;0;0;0;0;0;0;0;0;0;0;0;0;0;0;0;0;0;0;0;0;0;0;0;0;0;0;0;0;0;0;0;0;0;0;0;0;0;0;0;0;0;0;0;0;0;0;0.166667;0;0;0;0;0;0;0;0;0;0;0;0;0;0;0;0;0;0;0;0;0;0;0;0;0;0;0;0;0;0;0;0;0;0;0;0;0;0;0;0;0;0;0;0;0;0;0;0;0;0;0;0.166667;0;0;0;0;0;0;0;0;0;0;0;0;0;0;0;0;0;0;0;0;0;0;0;0;0;0;0;0;0;0;0;0;0;0;0;0;0;0;0;0;0;0;0;0;0;0;0;0;0;0;0;0;0;0;0;0;0;0;0;0;0;0;0;0;0.333333;0;0;0;0;0;0;0;0;0;0;0;1;0;0;0;0;0;0;0;0;0;0;0;0;0;0;0;0;0;0;0;0;0;0;0;0;0;0;0;1;0;0;0;0;0;0;0;0;0;0;0;0;0;0;0;0;0;0;0;0;0;1;0;0;0;0;0;0;0;0;0;0;0;0;0;0;0;0;0;0;0;0;0;0;0;0;0;0;0;0;0;0;0;0;0.166667;0;0;0;0;0;0;0;0;0;0;0;0;0;0;0;0;0;0;0;0;0;0;0;0;0;0;0;0;0;0;0;0;0;0;0;0;0;0;0;0;0;0;0;0;0;0;0;0;0;0;0;0;0;0;0;0;0;0;0;0;0;0;0;0;0;0;0;0;0;1;0;0;0;0;0;0;0;0;0;0;0;0;0;0;0;0;0;0;0;0;0;0;0;0;0;0;0;0;0;0;0;0;0;0;0;0;0;0;0;0;0;1;0;0;0;0;0;0;0;0;0;0;0;0;0;0;0;0;0;0;0;0;0;0;0;0;0;0;0;0;0;0;0;0;0;0;0;0;0;0;0;0;0;0;0;0;0;0;0;0;0;0;0;0;0;0;0;0;0;0;0;0;0;0;0;0;0;0;0;0;0;0;0;0;0;0;0;0;0;0;0;0;0;0;0;0;0;0;0;0;0;0;0;0;0;0;0;0;0;0;0;0;0;0;0;0;0;0;0;0;0;0;0;0;0;1;0;0;0;0;0;0;0;0;0;0;0;0;0;0;0;0;0;0;0;0;1;0;0;0;0;

Average clustering coefficient: 0.0207428
Closeness centralities:
0.407423;0.362482;0.354633;0.380427;0.311409;0.325938;0.328727;0.310924;0.311118;0.3658;0.321739;0.34271;0.339565;0.321636;0.296615;0.299371;0.347116;0.319885;0.301448;0.320603;0.296088;0.305879;0.277731;0.305131;0.30729;0.264216;0.277809;0.306348;0.309001;0.310731;0.271763;0.280146;0.298833;0.292619;0.271689;0.29279;0.29066;0.293737;0.271173;0.300904;0.282044;0.284453;0.270439;0.283887;0.273849;0.275662;0.29991;0.288645;0.303371;0.290576;0.265268;0.275358;0.265621;0.281646;0.298476;0.296176;0.249438;0.282124;0.274526;0.269345;0.274752;0.250564;0.283565;0.28125;0.284534;0.286575;0.284615;0.243125;0.246484;0.278273;0.295126;0.27243;0.30009;0.280382;0.272281;0.309097;0.23911;0.287896;0.248199;0.263588;0.268837;0.265621;0.302544;0.268044;0.2731;0.273474;0.288645;0.286001;0.269417;0.29741;0.276119;0.286987;0.259077;0.283404;0.298209;0.303279;0.243125;0.284453;0.291509;0.297145;0.287482;0.265198;0.288562;0.286987;0.263033;0.23617;0.25854;0.257143;0.307953;0.291084;0.281329;0.290576;0.283565;0.256812;0.298298;0.266756;0.232002;0.244793;0.300542;0.280303;0.249563;0.255695;0.236562;0.243599;0.284049;0.257873;0.276961;0.242476;0.281726;0.26548;0.254005;0.277963;0.273474;0.286328;0.297587;0.265057;0.276272;0.260292;0.237801;0.239683;0.254005;0.297587;0.292191;0.26193;0.271394;0.23871;0.283968;0.236394;0.252336;0.239167;0.290745;0.275055;0.244254;0.250942;0.270732;0.267541;0.242182;0.261861;0.269345;0.283485;0.294083;0.257275;0.29982;0.241655;0.258073;0.274904;0.240144;0.255826;0.278972;0.282523;0.277654;0.253425;0.24612;0.233193;0.269272;0.246911;0.217174;0.256483;0.242711;0.239914;0.271837;0.240839;0.263728;0.282124;0.224444;0.276808;0.237518;0.252528;0.229655;0.249563;0.240144;0.309097;0.3;0.273175;0.267541;0.232704;0.245877;0.251891;0.297145;0.241188;0.277038;0.307858;0.267255;0.301904;0.251131;0.26331;0.296527;0.237801;0.283244;0.259413;0.2743;0.278817;0.239798;0.238539;0.292105;0.254847;0.265974;0.241246;0.249875;0.240029;0.247706;0.279441;0.218265;0.226891;0.286657;0.23617;0.221361;0.29322;0.230078;0.290745;0.250879;0.285837;0.259481;0.231572;0.268693;0.254847;0.265339;0.281885;0.263658;0.250376;0.308714;0.238995;0.293048;0.274149;0.297676;0.274375;0.296439;0.274526;0.239741;0.231733;0.224092;0.301357;0.293306;0.26548;0.240723;0.243777;0.250439;0.234948;0.275131;0.282763;0.251131;0.237011;0.235947;0.227926;0.245938;0.276119;0.275891;0.246606;0.247645;0.23645;0.275207;0.259211;0.236954;0.249875;0.246545;0.230556;0.277269;0.250816;0.244673;0.237349;0.272802;0.225254;0.269417;0.252719;0.281726;0.253168;0.212825;0.269781;0.238824;0.208559;0.295737;0.245153;0.244434;0.280618;0.26826;0.287069;0.260495;0.268116;0.29279;0.256812;0.260021;0.235558;0.216844;0.270292;0.268188;0.248817;0.27;0.291935;0.271615;0.237292;0.240029;0.269345;0.23911;0.24685;0.233958;0.224142;0.284372;0.244733;0.226891;0.242006;0.291849;0.284615;0.21675;0.269272;0.219319;0.239339;0.251764;0.216187;0.29066;0.222544;0.215209;0.276349;0.266187;0.241421;0.237461;0.235669;0.247033;0.230876;0.254652;0.271763;0.260495;0.254198;0.220044;0.262274;0.210183;0.271026;0.242829;0.226994;0.234397;0.271689;0.228604;0.239167;0.240897;0.289062;0.24183;0.246484;0.302361;0.257806;0.291764;0.251005;0.298833;0.270365;0.249875;0.270146;0.234287;0.244254;0.219657;0.280382;0.22092;0.254652;0.264566;0.264706;0.218456;0.244016;0.222544;0.257673;0.296088;0.296088;0.245575;0.23617;0.221852;0.264706;0.237518;0.227822;0.255891;0.236562;0.268548;0.263449;0.239281;0.270658;0.267828;0.220141;0.247338;0.250816;0.276349;0.253875;0.248631;0.238539;0.236114;0.215302;0.230716;0.297587;0.271394;0.223991;0.2019;0.29279;0.228709;0.243599;0.217174;0.202309;0.262342;0.278506;0.225916;0.245756;0.244733;0.272653;0.244254;0.241772;0.284453;0.234232;0.239856;0.25975;0.24183;0.228814;0.230929;0.274601;0.224444;0.26248;0.291849;0.257806;0.239052;0.216562;0.283404;0.212327;0.208908;0.245575;0.255957;0.247338;0.292704;0.275738;0.242947;0.232976;0.262826;0.254782;0.226274;0.264426;0.240087;0.261861;0.239914;0.242829;0.237405;0.22369;0.221901;0.250439;0.254134;0.222941;0.245093;0.290323;0.226274;0.21507;0.277809;0.29443;0.248941;0.258407;0.228239;0.230237;0.226172;0.249003;0.273924;0.211563;0.208647;0.250313;0.228604;0.243659;0.247891;0.262274;0.272653;0.217316;0.242182;0.277038;0.245153;0.226274;0.209083;0.239856;0.270073;0.243777;0.246059;0.236898;0.23528;0.242888;0.204169;0.227304;0.237236;0.262964;0.270732;0.263797;0.236338;0.259953;0.230397;0.235836;0.227874;0.247338;0.213234;0.264776;0.227355;0.264286;0.248322;0.278583;0.232488;0.241713;0.226325;0.221557;0.232056;0.246545;0.249563;0.231143;0.242358;0.239856;0.235947;0.22955;0.241655;0.231464;0.235114;0.217268;0.251828;0.241713;0.231357;0.233466;0.227666;0.24026;0.243243;0.271911;0.244195;0.226633;0.260292;0.219464;0.291339;0.24826;0.229339;0.218265;0.239396;0.243599;0.229867;0.240029;0.224293;0.275814;0.240202;0.229867;0.252082;0.228239;0.292619;0.274526;0.208125;0.274149;0.264706;0.220335;0.232164;0.21005;0.233084;0.226018;0.262549;0.224343;0.229602;0.293564;0.276808;0.25;0.271099;0.277809;0.264356;0.239281;0.225051;0.223991;0.230184;0.278817;0.291509;0.222198;0.257474;0.226531;0.225406;0.23045;0.264216;0.265904;0.203255;0.25394;0.250125;0.293651;0.231625;0.247645;0.255433;0.23673;0.274526;0.237179;0.228186;0.221361;0.211027;0.292447;0.242358;0.239396;0.242476;0.229234;0.207908;0.253811;0.265339;0.224848;0.228814;0.229076;0.239741;0.223891;0.277346;0.247522;0.235447;0.243777;0.213507;0.290407;0.219031;0.210316;0.237914;0.240839;0.235391;0.226223;0.225661;0.233903;0.247952;0.244613;0.223991;0.234948;0.210804;0.230716;0.233302;0.230131;0.19338;0.227045;0.207692;0.22339;0.21572;0.243243;0.216468;0.213919;0.276885;0.223991;0.245756;0.204713;0.285837;0.244016;0.229814;0.214516;0.266613;0.241713;0.221311;0.264846;0.220335;0.240839;0.255172;0.245999;0.206918;0.291509;0.264987;0.23238;0.220287;0.232921;0.228447;0.247706;0.242299;0.200522;0.233411;0.268188;0.251447;0.229655;0.232272;0.232704;0.295475;0.249376;0.277038;0.265833;0.271911;0.231948;0.246363;0.228082;0.212192;0.210715;0.244254;0.197509;0.249127;0.211832;0.235225;0.218504;0.240087;0.227926;0.216281;0.291764;0.221655;0.284372;0.222445;0.236898;0.206405;0.244553;0.236114;0.250188;0.237011;0.230025;0.223941;0.219512;0.222296;0.225101;0.222941;0.241246;0.233302;0.231304;0.235391;0.261176;0.237518;0.210626;0.2692;0.226736;0.215348;0.289985;0.239052;0.240723;0.263033;0.245877;0.196615;0.19988;0.26248;0.274225;0.217363;0.232326;0.237857;0.268765;0.220969;0.220481;0.215953;0.221164;0.228134;0.270658;0.276502;0.218647;0.232921;0.277809;0.204462;0.211653;0.215441;0.234452;0.230716;0.244973;0.239626;0.263102;0.262826;0.216468;0.300994;0.23265;0.24975;0.226839;0.291169;0.202432;0.236059;0.238197;0.270439;0.26826;0.227511;0.239396;0.231733;0.218647;0.235059;0.240955;0.240607;0.262342;0.223141;0.22374;0.26036;0.251068;0.268188;0.25854;0.278661;0.236954;0.265691;0.237744;0.225712;0.224899;0.219368;0.276961;0.202884;0.214424;0.240433;0.226223;0.194207;0.230131;0.256549;0.269127;0.217789;0.213598;0.223941;0.206064;0.238596;0.22349;0.217979;0.236674;0.248322;0.222;0.216234;0.234838;0.209522;0.220969;0.199322;0.225152;0.232813;0.23238;0.232704;0.290407;0.261518;0.290407;0.238653;0.218791;0.249563;0.229234;0.242593;0.210095;0.290238;0.268693;0.242652;0.220238;0.18337;0.23303;0.201859;0.211339;0.228918;0.222693;0.255107;0.240955;0.240781;0.219947;0.227097;0.268693;0.226942;0.239052;0.205133;0.277269;0.217316;0.234948;0.22364;0.222;0.265409;0.228186;0.291169;0.239798;0.256088;0.250879;0.240607;0.232002;0.249189;0.223991;0.22319;0.243184;0.19708;0.249003;0.230716;0.245394;0.291849;0.229497;0.23125;0.239454;0.293048;0.234893;0.235169;0.238482;0.204797;0.285266;0.278817;0.233139;0.216093;0.243421;0.269055;0.21817;0.238938;0.221852;0.209346;0.237744;0.219947;0.232921;0.231572;0.264846;0.204629;0.210537;0.278118;0.203753;0.222643;0.237857;0.238197;0.224494;0.224747;0.237123;0.246059;0.240955;0.237179;0.22384;0.201533;0.276578;0.236898;0.228761;0.211697;0.238995;0.221655;0.20869;0.267398;0.219899;0.228971;0.185619;0.229708;0.238824;0.233739;0.211653;0.231894;0.253682;0.205176;0.278583;0.223991;0.241889;0.232976;0.244374;0.290914;0.220822;0.231196;0.241363;0.202186;0.25814;0.239626;0.275586;0.226531;0.26331;0.229655;0.263728;0.245455;0.232056;0.1996;0.23352;0.239971;0.229655;0.264216;0.234122;0.19996;0.290745;0.223991;0.221655;0.277731;0.20235;0.225916;0.217694;0.227252;0.255368;0.21507;0.215255;0.23617;0.240029;0.293048;0.219319;0.198687;0.240491;0.241655;0.199361;0.20004;0.230025;0.285755;0.26891;0.245938;0.225712;0.235558;0.224545;0.242006;0.214102;0.208255;0.290914;0.232164;0.232813;0.211294;0.227511;0.29741;0.240781;0.238197;0.231518;0.250816;0.227563;0.277115;0.201208;0.289817;0.187359;0.276731;0.247584;0.212916;0.212418;0.196576;0.238368;0.229972;0.229602;0.267757;0.216797;0.235836;0.272059;0.208168;0.238995;0.203836;0.208342;

Network average: 8
Average distance: 4.04784
Eccentricities:
4;5;5;5;5;5;5;5;5;5;5;5;5;5;5;5;5;5;5;5;5;5;6;5;5;6;6;5;5;5;6;6;5;5;6;6;5;5;6;5;6;5;6;5;6;5;6;5;5;5;6;6;6;6;5;5;6;5;6;6;6;6;5;6;5;5;6;6;6;6;5;6;5;6;6;5;6;6;6;6;6;6;5;6;6;6;6;5;6;5;6;5;6;5;5;5;6;6;5;5;6;6;6;5;6;6;6;6;5;5;6;6;6;6;5;6;6;6;5;5;6;6;6;6;5;6;5;6;6;6;6;6;6;6;5;6;6;6;6;6;6;5;5;6;6;6;6;6;6;6;6;6;6;6;6;6;6;6;6;6;5;6;5;6;6;5;6;6;5;6;5;6;6;6;6;6;7;6;6;6;5;6;6;6;7;5;6;6;6;6;6;5;5;6;6;6;6;6;5;6;6;5;6;5;6;6;5;6;6;6;6;6;6;6;5;6;6;6;6;6;6;6;6;7;6;6;7;5;7;5;6;5;6;6;6;6;6;6;6;6;5;6;5;6;5;6;5;6;6;7;6;5;6;6;6;6;6;6;6;6;6;6;6;6;6;6;6;6;6;6;6;6;6;6;6;7;6;6;6;6;6;6;6;6;6;6;7;6;6;7;5;6;6;6;6;6;6;6;5;6;6;6;7;6;6;6;6;5;6;6;6;6;6;6;6;6;5;6;6;6;5;6;7;6;6;6;6;6;5;7;7;6;6;6;6;7;6;6;6;6;6;6;6;6;7;6;6;7;6;6;7;6;6;5;6;6;5;6;5;6;5;6;6;6;6;6;7;6;6;6;6;6;7;6;6;6;5;5;6;6;7;6;6;6;6;6;6;6;6;6;6;7;6;6;6;6;6;6;6;7;6;5;6;7;7;5;6;6;7;7;6;5;7;6;6;5;6;6;6;6;6;6;6;7;6;6;7;6;5;6;6;6;5;7;7;6;6;6;5;6;6;6;6;6;6;6;6;6;6;6;6;7;6;6;6;6;6;5;7;7;6;5;6;6;6;6;6;6;6;7;7;6;6;6;6;6;5;7;6;6;6;6;7;6;6;6;6;6;6;6;7;7;6;6;6;6;6;6;7;6;6;6;7;6;6;6;6;6;6;6;7;7;7;6;6;6;6;7;6;6;6;6;6;7;6;6;6;6;7;6;6;6;6;6;6;7;5;6;6;6;6;6;6;7;7;6;6;6;6;6;5;6;7;6;6;6;6;7;6;6;6;6;6;5;6;6;6;5;6;6;7;6;7;6;5;7;6;6;6;6;6;6;7;6;6;5;6;6;6;6;6;6;6;6;7;5;6;6;6;6;7;6;6;7;7;7;6;6;6;6;7;6;6;5;7;7;6;6;7;7;6;6;6;6;7;6;7;6;6;7;7;6;7;7;7;6;7;6;5;6;6;7;5;6;6;7;6;6;7;6;7;6;6;6;7;5;6;7;6;6;6;6;6;7;6;6;6;6;6;6;5;6;6;6;6;7;6;7;7;7;6;7;6;6;6;6;6;6;7;5;7;5;6;6;7;6;6;6;6;6;6;6;6;6;6;6;6;7;6;6;6;7;6;7;7;5;6;6;6;6;7;7;6;6;7;6;6;6;7;6;7;6;6;6;6;6;7;5;7;7;7;6;6;6;6;6;6;6;5;6;6;6;5;7;6;7;6;6;6;6;6;7;6;7;6;6;7;7;6;6;6;6;6;6;6;6;6;6;6;6;7;7;6;7;7;6;6;6;7;6;6;7;6;6;7;6;6;7;7;6;7;6;7;6;6;6;6;5;6;5;6;7;6;6;6;7;5;6;6;7;8;7;7;6;6;7;6;6;6;6;6;6;6;6;7;6;7;6;6;7;6;6;5;6;6;6;6;6;6;6;7;6;7;6;6;6;5;6;6;7;5;6;6;6;7;6;6;6;7;6;6;7;6;7;7;6;7;6;7;6;7;7;6;7;6;6;6;6;7;6;6;6;6;7;7;6;6;6;7;6;7;7;6;7;6;7;6;7;6;7;6;6;7;6;6;6;6;6;5;7;6;6;7;6;6;6;7;6;6;6;6;6;7;6;6;6;6;6;7;5;6;6;5;7;6;6;7;6;6;7;6;6;5;6;7;6;6;7;7;6;6;6;6;6;6;6;6;7;7;5;6;6;7;6;5;6;6;6;6;6;6;7;5;8;6;6;6;7;7;6;6;7;6;7;6;6;7;6;7;7;

======================================END==================================
