=====================Analysis for network: Zachary-karate-club=====================
Vertex count: 34
Edge count: 78
Degree distribution:
16;9;10;6;3;4;4;4;5;2;3;1;2;5;2;2;2;2;2;3;2;2;2;5;3;3;2;4;3;4;4;6;12;17;

Average degree: 4.58824
Clustering coefficients:
0.15;0.333333;0.244444;0.666667;0.666667;0.5;0.5;1;0.5;0;0.666667;0;1;0.6;1;1;1;1;1;0.333333;1;1;1;0.4;0.333333;0.333333;1;0.166667;0.333333;0.666667;0.5;0.2;0.19697;0.110294;

Average clustering coefficient: 0.570638
Closeness centralities:
0.0172414;0.0147059;0.0169492;0.0140845;0.0114943;0.0116279;0.0116279;0.0133333;0.015625;0.0131579;0.0114943;0.0111111;0.011236;0.015625;0.011236;0.011236;0.00862069;0.0113636;0.011236;0.0151515;0.011236;0.0113636;0.011236;0.0119048;0.0113636;0.0113636;0.010989;0.0138889;0.0136986;0.0116279;0.0138889;0.0163934;0.015625;0.0166667;

Network average: 5
Average distance: 1.16869
Eccentricities:
3;3;3;3;4;4;4;4;3;4;4;4;4;3;5;5;5;4;5;3;5;4;5;5;4;4;5;4;4;5;4;3;4;4;

======================================END==================================
