=====================Analysis for network: ScaleFreeNetwork=====================
Vertex count: 1000
Edge count: 1997
Degree distribution:
72;84;51;55;11;16;13;35;25;20;10;53;5;7;12;10;18;15;35;28;3;8;15;5;4;13;6;13;12;8;14;7;18;21;14;6;6;22;15;21;11;6;17;13;12;8;9;8;2;5;13;10;3;7;6;5;8;15;25;2;17;7;11;4;3;2;2;9;10;16;10;5;7;6;4;6;3;3;6;6;5;13;5;4;8;7;7;3;5;4;2;10;5;10;6;7;12;11;3;4;10;5;4;8;8;9;3;3;5;2;10;5;13;4;10;5;11;8;5;3;4;14;3;3;9;6;6;3;5;3;6;6;5;6;2;3;7;10;12;5;2;2;4;3;5;4;3;8;4;4;3;6;4;4;7;5;4;3;4;5;3;3;2;7;2;3;3;2;10;5;9;5;9;2;6;2;5;14;6;8;6;7;4;2;2;6;6;4;5;6;5;9;9;6;3;3;6;6;2;7;4;4;5;2;2;2;3;2;4;10;3;2;4;5;13;7;2;6;3;2;2;4;2;4;3;4;10;3;2;2;3;3;5;2;3;3;3;3;3;3;6;2;5;2;2;7;4;2;2;7;4;8;2;4;2;7;9;2;3;7;4;7;2;4;2;5;4;2;4;6;3;7;2;3;2;6;3;3;4;4;3;3;2;2;2;4;5;5;8;4;4;5;3;2;6;2;2;4;2;4;3;3;3;5;3;2;4;3;4;4;2;5;2;6;3;4;4;7;3;2;8;3;5;6;5;5;4;2;3;3;2;3;3;2;3;4;4;3;4;2;2;4;2;2;2;2;4;2;4;3;4;2;5;4;3;3;2;3;2;4;6;2;5;4;5;2;5;5;3;2;4;2;6;2;5;3;2;5;2;2;2;4;2;6;2;2;3;4;3;2;2;4;2;3;2;2;3;2;4;2;3;2;4;5;3;3;3;4;2;2;2;2;3;3;2;3;3;2;2;4;2;2;3;8;2;3;6;3;2;2;2;2;2;2;5;2;3;4;4;2;5;2;2;6;3;3;4;2;3;2;5;2;2;4;3;5;3;2;2;2;3;3;4;2;2;2;2;4;2;2;2;3;3;3;2;2;2;2;6;2;5;2;2;3;4;2;7;3;3;5;4;3;2;2;2;6;4;2;2;3;3;4;3;2;4;3;3;2;6;2;2;2;3;4;2;3;4;2;3;4;4;2;2;2;2;2;3;3;2;2;5;2;3;4;3;4;2;3;3;4;3;2;3;2;3;2;2;2;5;6;7;2;2;3;3;2;4;2;2;3;2;2;2;3;2;3;2;2;3;5;3;3;2;3;4;2;3;3;2;2;3;4;2;2;2;2;4;2;2;4;2;2;2;2;2;3;2;2;4;3;2;3;2;2;2;3;2;2;3;4;3;2;3;2;2;4;2;2;2;3;2;2;2;3;3;4;2;3;2;3;3;2;2;2;2;3;2;2;2;3;2;2;3;2;2;2;2;2;3;2;2;2;3;3;2;2;2;2;2;4;3;2;2;2;2;2;2;2;2;2;2;2;2;2;4;2;2;2;2;2;2;2;2;2;2;3;2;3;2;3;3;2;2;4;2;2;4;2;2;4;4;2;4;2;2;4;2;2;2;2;2;2;4;2;2;2;3;2;3;2;3;2;2;2;3;2;2;2;2;2;2;2;2;2;2;2;2;3;2;3;2;2;2;2;3;2;2;2;2;2;3;2;3;2;3;2;2;2;3;2;2;2;2;2;2;2;2;2;2;2;2;2;2;2;3;3;2;2;2;2;3;2;3;2;3;2;3;2;2;3;2;2;4;2;2;3;2;3;3;2;2;2;2;3;2;2;2;2;3;3;2;2;2;2;3;2;2;2;2;2;2;2;2;2;2;2;2;3;2;3;2;2;2;3;3;3;2;4;2;2;2;3;2;3;2;2;2;2;2;2;2;2;2;2;2;2;2;2;2;2;2;2;2;2;2;2;2;3;2;2;2;2;2;2;2;2;2;3;2;2;2;2;2;2;2;2;2;2;2;2;2;2;2;2;2;2;2;2;2;3;3;2;2;2;2;2;2;2;2;2;2;2;2;2;2;2;2;2;2;2;2;2;2;2;2;2;2;2;2;2;2;2;2;2;2;2;2;2;2;2;2;2;2;2;2;3;2;2;2;2;2;2;3;2;3;2;3;2;2;2;2;2;2;2;2;2;2;2;2;2;2;2;2;2;2;2;2;2;2;2;2;2;2;2;2;2;2;2;2;2;2;2;2;2;2;2;2;2;2;2;

Average degree: 3.994
Clustering coefficients:
0.0125196;0.00831899;0.0101961;0.0121212;0.0363636;0.0166667;0.0384615;0.00840336;0.0133333;0;0.0222222;0.00507983;0.1;0.0952381;0.0151515;0;0.0130719;0.00952381;0.00336134;0.0026455;0;0.0714286;0.0285714;0.1;0;0.025641;0.0666667;0.0128205;0.0151515;0.0357143;0.010989;0.047619;0.0130719;0.00952381;0;0;0;0.012987;0.00952381;0;0;0;0.0147059;0;0.0454545;0;0;0;1;0;0.0128205;0.0222222;0;0;0;0.1;0;0;0.00666667;1;0.00735294;0.047619;0.0181818;0.166667;0;0;0;0.0277778;0.0222222;0;0.0222222;0;0;0;0.166667;0;0;0;0.0666667;0;0.1;0;0;0;0.0357143;0;0;0.333333;0;0;0;0;0;0;0;0;0;0;0;0;0;0;0;0;0;0;0;0;0;0;0;0;0.0128205;0;0.0222222;0;0;0.0714286;0;0;0;0.010989;0;0;0.0277778;0;0;0;0;0;0;0;0;0;0;0;0;0;0.0151515;0;0;0;0.166667;0;0;0;0;0;0;0;0;0;0;0;0;0;0;0;0;0.1;0;0;1;0.047619;0;0;0;0;0.0222222;0;0;0;0.0277778;0;0;0;0;0;0;0;0;0;0;0;0;0;0;0;0;0;0;0;0;0;0;0;0;0;0;0;0;0;0;0;0;0;0;0;0.333333;0.0222222;0.333333;0;0;0;0.0128205;0;0;0;0;0;0;0;0;0;0;0;0;0.333333;0;0;0;0;0;0;0;0;0;0;0;0;0;0;0;0;0;0;0;0;0;0;0.166667;0;1;0;0;0.047619;0;0;0;0.047619;0;0.047619;0;0;1;0;0;0;0;0;0;0;0;0;0;0.0666667;0;0;0;0;0;0;0;0;0;0;0.1;0.1;0.0357143;0;0;0;0;0;0;0;1;0;0;0;0;0;0;0;0;0;0;0;0;0;0;0;1;0.0666667;0;0;0;0;0;0;0;0;0;0;0;0;0.166667;0;0;0;0;0;0;0;0;0;0.166667;0;0.166667;0;0;0;0;0;0;0;0;0;0.166667;0;0;0;0;0;0;0;0;0;0;0;0;0;0;0;0;0;0;0;0;0;0;0;0;0;0;0;0;0;0;1;0;0;0;0;0;0;0;0;0;0;1;0.166667;0;0;0;1;0;0;0;0;0;0;0;0;0;0;0;0;0;0;0;0;0;0.333333;0;0.333333;0;0;0;0;0;0;0;0;0;0;0;0;0;0;0;0;0;0;0;0;0;0;0;0;0;0;0;0;0;0;0;0;0;0;0;0;0;0;0;0;0.333333;0;0;0;0;0;0;0;0;0;0;0;0;0;0;0;0;0;0;0;0;0;0.0666667;0;0;0;1;0;0;0;0;0;0;0;0;0;0;0;0;0;0;0;0;0;0;0;0;0;0;0;0;0;0.0666667;0;0;0;0;0;0;0.333333;0;0;0;0;0;0;0;0;0;0;0;0;0;0;0;0;0;0;0;0;0;0;0;0;0;0;0;0;0;0;0;0;0;0.0666667;0;0;0;0;0;0;0;1;0;0;0;0;0;0;0;0;0;0;0;0;0;0.333333;0;0;0;0;0;0;0;1;0;0;0;0;0;0;0;0;0;0;0;1;0;0;0;0;0;0;0;0;0;0;0;0;0;0;0;0;0;0;0;0;0;0;0;0;0;0;0;0;0;0;0;0;0;0;0;0;0;0;0;0;0;0;0;0;0;0;0;0;0;0;0;0;0;0;0;1;0;0;0;0;0;0;0;0;0;0;0;0;0;0;0;0;0;0;0;0;0;0;0;0;0;0;0;0;0;0;0;1;0;0;0;0;0;0;0;0;0;0;0;0;0;0;1;0;0;0;0;0;0;0;0;0;0;0;0;0;0;0;0;0;0;0;0;0;0;0;0;0;0;0;0;0;0;1;0;0;0;0;0;0;0;0;0;0;0;0;0;0.333333;0;0;0;0;0;0;0;0;0;0;0;0;0;0;0;0;0;0;0;0;0;0;0;0;0;0;0;0;0;0;0;0;0;0;0;0;0;0;0;0;0;0;0;0;0;0;0;0;0;0;0;0;0;0;0;0;0;0;0;0;0;0;0;0;0;0;0;0;0;0;0;0;0;0;0;0;0;0;0;0;0;0;0;0;0;0;1;0;0;0;0;0;0;0;0;0;0;0;0;0;0;0;0;0;0;0;0;0;0;0;0;0;0;0;0;0;0;0;0;0;0;0;0;0;0;0;0;0;0;0;0;0;0;0;0;0;0;0;0;0;1;0;0;0;0;0;0;0;0;0;0;0;0;0;0;0;0;0;0;0;0;0;0;0;0;0;0;0;0;0;0;0;0;0;0;0;0;0;0;0;0;0;0;0;0;0;0;0;0;0;0;0;0;0;0;0;0;0;0;0;0;0;0;0;0;0;0;0;0;0;0;0;0;0;0;0;0;0;0;0;0;0;0;0;0;0;0;0;0;0;0;0;0;0;0;0;0;0;0;0;0;0;0;0;0;0;0;0;0;0;0;0;0;0;0;0;0;0;0;0;

Average clustering coefficient: 0.0273703
Closeness centralities:
0.390692;0.410267;0.366875;0.366202;0.316139;0.327541;0.3205;0.35413;0.333;0.311798;0.288645;0.348205;0.311895;0.304388;0.306066;0.286246;0.332889;0.307574;0.307479;0.30163;0.273025;0.301995;0.317748;0.310538;0.29417;0.293651;0.265621;0.310924;0.304759;0.29688;0.306912;0.305785;0.295387;0.321429;0.280776;0.277346;0.258273;0.33003;0.314349;0.29688;0.283726;0.300542;0.300632;0.271689;0.311215;0.272802;0.282363;0.293737;0.288812;0.277038;0.270073;0.295562;0.274752;0.270292;0.278351;0.285592;0.282283;0.280067;0.327219;0.305692;0.282763;0.25901;0.298031;0.298744;0.251828;0.250879;0.288812;0.287069;0.303279;0.288728;0.295562;0.269272;0.275586;0.257143;0.270952;0.274526;0.298031;0.285021;0.289146;0.300904;0.286001;0.267327;0.283324;0.297587;0.295038;0.301176;0.245153;0.255303;0.273774;0.286904;0.250313;0.285755;0.29812;0.272876;0.276808;0.260156;0.280067;0.266756;0.238254;0.270073;0.254847;0.25576;0.257541;0.270732;0.255891;0.270146;0.286001;0.234783;0.240144;0.246911;0.261587;0.254263;0.302178;0.230344;0.302269;0.297942;0.289733;0.301722;0.300451;0.253618;0.245515;0.297321;0.241713;0.283565;0.303555;0.243718;0.276196;0.244613;0.246545;0.256483;0.300451;0.28046;0.275282;0.25576;0.267041;0.293996;0.263658;0.241013;0.283726;0.256351;0.233794;0.237801;0.311409;0.258407;0.247277;0.251955;0.264146;0.266827;0.250564;0.287896;0.240665;0.294603;0.259886;0.242476;0.247584;0.248693;0.291424;0.228814;0.271763;0.264636;0.246911;0.264566;0.283726;0.297587;0.242947;0.279832;0.243066;0.250125;0.3;0.271985;0.248569;0.296351;0.260699;0.26555;0.254522;0.270805;0.257541;0.269636;0.251511;0.241304;0.293996;0.268188;0.253425;0.244374;0.23797;0.252145;0.254717;0.245394;0.295912;0.30009;0.255564;0.252528;0.258741;0.296615;0.225457;0.257011;0.230663;0.261724;0.251511;0.253489;0.247522;0.25854;0.288062;0.232434;0.295737;0.269708;0.256023;0.229076;0.309001;0.271763;0.30663;0.29279;0.246972;0.272727;0.263588;0.263241;0.239856;0.244973;0.270292;0.30009;0.24618;0.2495;0.275131;0.296263;0.244195;0.26548;0.304666;0.294256;0.264426;0.235613;0.240607;0.241596;0.235225;0.242829;0.238596;0.242299;0.251321;0.24026;0.222991;0.26891;0.248507;0.236842;0.248941;0.259077;0.249563;0.279206;0.254134;0.25;0.264356;0.247155;0.286739;0.250816;0.273849;0.247768;0.246302;0.254263;0.2775;0.242593;0.234287;0.270073;0.241772;0.282443;0.237405;0.238938;0.284291;0.244913;0.238482;0.225;0.224848;0.235114;0.25774;0.255629;0.270365;0.235336;0.224394;0.310924;0.242064;0.252975;0.238311;0.252209;0.239626;0.282763;0.232921;0.244374;0.252209;0.234452;0.271541;0.272059;0.24975;0.293392;0.262549;0.242711;0.230663;0.251321;0.241246;0.236059;0.273999;0.24826;0.251068;0.283404;0.236003;0.238311;0.239741;0.246667;0.273324;0.263172;0.285919;0.26555;0.254134;0.247461;0.254134;0.224242;0.262067;0.283726;0.248075;0.219657;0.258875;0.242064;0.240839;0.25304;0.247522;0.22364;0.264636;0.271541;0.240781;0.245394;0.241772;0.290576;0.250439;0.25814;0.213781;0.267327;0.276731;0.204965;0.237631;0.240491;0.295825;0.237179;0.30663;0.236786;0.260699;0.261724;0.213006;0.242358;0.215953;0.282044;0.233357;0.218935;0.274074;0.241071;0.271615;0.217552;0.248137;0.285673;0.277886;0.242535;0.23184;0.29688;0.270365;0.237067;0.273324;0.29417;0.271099;0.222792;0.274828;0.231679;0.245214;0.273399;0.232542;0.291935;0.26036;0.273774;0.267327;0.258273;0.256944;0.21817;0.298655;0.248879;0.233958;0.283807;0.215209;0.238881;0.238141;0.233357;0.239683;0.262274;0.242241;0.2285;0.271541;0.235558;0.291254;0.239856;0.2731;0.218027;0.222941;0.305785;0.252273;0.204378;0.22364;0.219754;0.246302;0.240839;0.294256;0.246302;0.236059;0.257342;0.243362;0.294256;0.293048;0.228656;0.23528;0.229867;0.212327;0.29391;0.229814;0.287399;0.244733;0.242358;0.241246;0.247277;0.265974;0.225101;0.276655;0.277269;0.232056;0.215255;0.294951;0.25901;0.226736;0.240318;0.275282;0.264776;0.236898;0.225152;0.257209;0.235947;0.247952;0.224394;0.248384;0.231572;0.211832;0.21125;0.208734;0.236562;0.276349;0.252656;0.236338;0.20526;0.239396;0.242476;0.244853;0.233302;0.228814;0.240549;0.238938;0.267541;0.242417;0.282683;0.219464;0.233302;0.209434;0.254977;0.268621;0.230237;0.240723;0.254263;0.275814;0.220384;0.222049;0.210006;0.274074;0.228866;0.245274;0.232867;0.216421;0.245999;0.272951;0.270805;0.298031;0.290238;0.239798;0.23911;0.274074;0.258741;0.246302;0.256944;0.240665;0.235558;0.270658;0.259886;0.257011;0.228656;0.221361;0.275586;0.211339;0.241772;0.215813;0.286411;0.22324;0.240665;0.27243;0.293478;0.224394;0.237801;0.214424;0.215441;0.222991;0.22019;0.30018;0.253104;0.241538;0.292191;0.233903;0.224092;0.234617;0.274752;0.227926;0.260972;0.207735;0.206661;0.248817;0.232921;0.234893;0.233466;0.253104;0.30009;0.213598;0.219996;0.282683;0.250816;0.220676;0.242711;0.228291;0.221361;0.218408;0.241596;0.208952;0.260631;0.274225;0.205937;0.250753;0.240029;0.255826;0.261587;0.233139;0.212734;0.233794;0.241304;0.249563;0.2679;0.243243;0.234893;0.282923;0.237687;0.239396;0.216985;0.240029;0.218935;0.224646;0.277809;0.225254;0.290745;0.236338;0.283003;0.232434;0.221164;0.217458;0.241655;0.232272;0.227252;0.270805;0.307574;0.23673;0.269345;0.247952;0.262756;0.275814;0.241596;0.226531;0.281646;0.293564;0.273549;0.237857;0.238254;0.292447;0.264356;0.243599;0.269127;0.228395;0.229286;0.271689;0.291935;0.291935;0.251891;0.261245;0.271911;0.260835;0.23871;0.234287;0.235669;0.197704;0.253811;0.214608;0.238197;0.227511;0.249065;0.236786;0.219416;0.222792;0.257873;0.233139;0.231411;0.22334;0.232921;0.239281;0.245877;0.234617;0.214931;0.295387;0.238938;0.228291;0.21424;0.195844;0.229339;0.282843;0.230716;0.231143;0.230503;0.208647;0.263797;0.272207;0.242299;0.212012;0.291594;0.199361;0.241713;0.228918;0.226891;0.22561;0.224595;0.292362;0.213279;0.219947;0.208342;0.281805;0.275814;0.219464;0.305785;0.284696;0.1896;0.285429;0.220432;0.265974;0.216327;0.222;0.286082;0.221951;0.23029;0.236786;0.221951;0.24113;0.247338;0.234727;0.234838;0.231787;0.243125;0.218075;0.20752;0.211742;0.202514;0.244673;0.264356;0.239741;0.229339;0.244913;0.26248;0.259077;0.242006;0.222544;0.275891;0.253296;0.281885;0.225712;0.250313;0.211832;0.255695;0.270512;0.239396;0.270805;0.231518;0.254847;0.249563;0.260767;0.296703;0.270439;0.255303;0.225101;0.249189;0.222544;0.245696;0.274375;0.2743;0.236114;0.261313;0.229444;0.214839;0.246302;0.241655;0.245999;0.208342;0.211518;0.213964;0.236506;0.236562;0.229602;0.237518;0.24612;0.228709;0.239454;0.230929;0.237857;0.225304;0.261176;0.240955;0.286328;0.297765;0.230876;0.199044;0.273324;0.250502;0.251891;0.241421;0.227978;0.291084;0.250188;0.245636;0.222148;0.244613;0.270439;0.293737;0.236674;0.230344;0.227459;0.260224;0.213279;0.233193;0.242711;0.237011;0.240723;0.255107;0.244195;0.203297;0.29741;0.242535;0.21558;0.23673;0.226069;0.224646;0.206918;0.23871;0.237518;0.213006;0.246667;0.225;0.220238;0.234727;0.197431;0.236338;0.235613;0.259953;0.249812;0.239971;0.226223;0.225916;0.213279;0.230025;0.197314;0.270439;0.248446;0.261176;0.231948;0.234177;0.272653;0.211071;0.235059;0.249251;0.24612;0.234783;0.232164;0.289481;0.2731;0.210582;0.240491;0.251258;0.236338;0.242123;0.205091;0.236059;0.23184;0.249812;0.240433;0.234287;0.261108;0.236059;0.230397;0.239052;0.265974;0.205302;0.242417;0.229761;0.21558;0.245575;0.274904;0.23029;0.204169;0.219899;0.269708;0.282044;0.231196;0.269563;0.195384;0.233903;0.222792;0.229339;0.227355;0.237574;0.283003;0.242123;0.294951;0.221852;0.25304;0.22561;0.263033;0.226839;0.243362;0.214793;0.224494;0.21125;0.205556;0.227252;0.220871;0.29279;0.213644;0.240375;0.209083;0.197119;0.29417;0.189708;0.252273;0.24277;0.208908;0.208603;0.261245;0.208168;0.218218;0.281805;0.292704;0.246363;0.22092;0.242593;0.235169;0.254587;0.241596;0.251005;0.26949;0.235724;0.206022;0.251068;0.253232;0.245756;0.232434;0.286411;0.2186;0.214378;0.205049;0.224797;0.270658;0.246302;0.248631;0.227822;0.283565;0.246606;0.22344;0.208908;0.237011;0.254652;0.232759;0.272653;0.278661;0.229444;0.251701;0.222991;0.221116;0.218075;0.256812;0.273849;0.217552;0.243837;0.243956;0.232218;0.239339;0.229655;0.206576;0.209698;0.238653;0.239856;0.232002;0.247094;0.220773;0.203878;0.225916;0.236562;0.217458;0.213188;0.221508;0.225865;0.229602;0.238141;0.194282;0.19992;0.290745;0.260767;0.225355;0.223091;0.232218;0.193305;0.203794;0.23673;0.218504;0.218313;0.229655;0.213052;0.206149;0.225865;0.234067;0.19972;0.222395;0.226223;0.220335;0.272133;0.215163;0.230823;0.208952;0.240318;0.236842;0.232056;0.22379;0.204128;0.244553;0.240433;0.293048;0.210316;0.248199;0.214654;0.224696;0.234617;0.262067;0.215116;0.242123;0.224142;0.216281;0.206875;0.209874;0.217979;0.268982;0.234013;0.208821;0.241947;0.224646;0.210582;0.212327;0.293564;0.198885;0.231572;0.198018;0.19338;0.231625;0.23125;0.205471;0.275207;0.228761;0.193081;0.203878;0.237857;0.20709;0.210982;0.234122;0.237292;0.239454;0.269127;0.201696;0.234013;0.251321;0.215255;0.291594;0.29322;0.2186;0.22344;0.22354;0.210626;

Network average: 7
Average distance: 4.0401
Eccentricities:
4;4;5;4;5;5;5;5;5;5;5;5;5;5;5;6;5;5;5;5;5;5;5;5;5;5;6;5;5;5;5;5;5;5;5;5;6;5;5;5;5;5;5;6;5;5;5;5;5;6;5;5;5;6;5;5;5;6;5;5;5;6;5;5;6;6;5;5;5;5;5;5;5;6;5;5;5;5;5;5;5;6;5;5;5;5;6;6;6;5;6;6;5;6;5;6;5;6;6;6;6;6;6;5;6;6;5;6;6;6;6;6;5;6;5;5;5;5;5;6;6;5;6;5;5;6;5;6;6;6;5;5;5;6;5;5;6;6;5;6;6;6;5;6;6;6;6;6;6;5;6;5;6;6;6;6;5;6;6;6;6;6;5;5;6;5;6;6;5;5;6;5;6;5;6;6;6;6;6;6;5;5;6;6;6;6;6;6;5;5;6;6;6;5;6;6;6;6;6;6;6;6;5;6;5;6;6;6;5;6;5;5;6;5;6;6;6;6;6;5;6;6;5;5;6;6;5;5;6;6;6;6;6;6;6;6;6;6;6;6;6;6;6;6;6;5;6;6;6;6;5;6;5;6;6;6;6;6;6;6;6;5;6;7;5;6;6;6;7;6;6;6;5;6;6;5;6;6;6;6;6;5;6;6;6;6;5;5;6;5;6;6;6;6;6;6;5;6;6;5;6;6;6;6;5;6;5;6;6;6;6;6;6;5;6;6;6;6;6;6;6;6;5;5;6;6;6;5;6;6;7;6;6;7;6;6;5;6;5;6;6;6;7;6;6;5;6;6;5;6;5;6;6;5;5;6;6;5;5;6;5;5;6;6;5;6;6;6;6;5;6;6;6;6;6;7;5;6;6;5;6;6;6;6;6;6;6;6;6;6;5;6;5;7;6;5;6;7;6;6;6;6;5;6;6;6;6;5;5;6;6;6;7;5;6;5;6;6;6;6;6;6;6;5;6;7;5;6;6;6;5;5;6;6;6;6;6;6;6;6;7;7;7;6;5;6;6;7;6;6;6;6;6;6;6;6;6;5;7;6;7;6;6;6;6;6;5;6;6;7;5;6;6;6;6;6;5;6;5;5;6;6;5;6;6;6;6;6;6;6;6;6;6;5;7;6;6;5;6;6;6;5;6;6;7;6;6;7;5;6;6;5;6;7;6;5;6;6;7;7;6;6;6;6;6;5;7;7;5;6;7;6;6;6;6;6;7;6;5;7;6;6;6;6;6;7;6;6;6;6;6;6;5;6;6;6;6;6;6;6;6;5;6;5;6;6;7;6;6;6;6;5;6;5;6;6;5;6;6;5;5;5;6;6;5;6;6;6;6;6;5;5;5;6;5;6;6;6;6;6;7;6;6;6;6;6;6;6;6;6;6;6;6;6;6;6;6;7;5;6;6;7;7;6;5;6;6;6;7;5;6;6;7;5;7;6;6;6;6;6;5;7;6;7;5;5;6;5;5;7;5;7;6;6;6;5;6;6;6;6;6;6;6;6;6;6;7;7;7;7;6;6;6;6;6;6;6;6;6;5;6;5;6;6;7;6;5;6;6;6;6;6;6;5;6;6;6;6;6;6;6;5;6;5;6;6;6;6;6;7;7;7;6;6;6;6;6;6;6;6;6;6;6;6;5;5;6;7;6;6;6;6;6;5;6;6;6;6;6;5;6;6;6;6;7;6;6;6;6;6;6;7;5;6;6;6;6;7;7;6;6;6;6;6;7;6;7;6;6;6;6;6;6;7;7;6;7;6;6;6;6;6;6;7;6;6;6;7;6;5;5;7;6;6;6;6;7;6;6;6;6;6;6;6;6;6;6;7;6;7;7;6;5;6;7;6;6;5;6;6;7;6;7;6;6;6;5;6;5;6;6;6;5;7;6;6;6;7;7;6;7;5;7;6;7;7;5;7;6;6;7;7;5;7;6;5;5;6;6;6;6;6;6;6;5;6;7;6;6;6;6;5;6;7;7;6;6;6;6;6;5;6;6;7;6;6;6;5;5;6;6;7;6;7;6;6;6;6;6;6;6;6;7;7;6;6;6;6;6;7;6;6;7;6;6;6;6;6;7;7;5;6;6;6;6;7;7;6;6;6;6;7;7;6;6;7;6;6;6;6;7;6;7;6;6;6;7;7;6;6;5;7;6;7;6;6;6;6;6;6;7;7;6;6;5;6;7;6;6;7;7;5;7;6;7;7;6;6;7;6;6;7;7;6;7;7;6;6;6;6;7;6;6;6;5;5;6;6;6;7;

======================================END==================================
