=====================Analysis for network: ScaleFreeNetwork=====================
Vertex count: 1000
Edge count: 1997
Degree distribution:
89;137;25;42;31;59;22;6;16;28;19;6;20;9;17;14;14;10;3;11;6;10;9;14;8;9;11;14;10;7;15;5;8;5;10;6;4;31;2;19;15;12;9;8;10;10;10;10;6;6;12;14;26;4;2;10;7;19;3;7;13;3;12;4;8;8;7;8;5;16;6;6;10;6;5;8;8;2;5;3;6;5;13;11;2;7;6;10;5;4;6;14;8;8;6;8;11;4;3;12;12;2;8;3;9;5;12;11;5;2;9;2;9;3;4;5;4;3;2;2;4;4;5;4;4;4;11;5;17;5;5;2;10;18;5;5;5;3;4;4;10;3;12;4;4;2;6;9;5;4;6;3;5;4;3;4;5;3;4;10;4;4;3;4;3;6;2;5;4;7;10;10;9;6;2;7;4;3;9;2;5;3;5;8;3;9;2;2;5;8;2;3;6;2;5;4;6;3;2;9;7;4;4;2;5;5;6;2;3;3;4;2;3;5;2;7;4;4;3;3;4;10;3;3;2;2;4;3;6;3;6;3;3;3;2;4;3;2;3;5;2;2;8;5;3;5;4;4;2;3;5;5;5;3;5;2;5;4;9;3;7;4;4;9;5;5;2;2;3;4;2;4;2;4;2;2;5;6;5;2;7;3;2;3;2;2;4;3;2;3;4;2;2;5;2;3;3;4;3;5;5;4;5;6;5;2;2;5;2;5;2;4;7;6;2;5;3;6;4;3;7;3;3;6;2;2;2;2;3;5;2;2;2;2;4;3;7;2;4;2;2;2;2;3;2;3;2;4;5;3;4;4;2;2;3;2;3;2;4;3;3;2;2;5;4;2;9;2;4;3;6;4;2;6;2;2;3;3;2;7;2;2;4;3;2;4;4;2;4;3;2;2;4;2;2;3;3;6;2;3;2;3;3;5;2;4;2;2;2;5;4;2;3;3;2;3;2;8;2;5;2;2;4;2;3;3;2;2;3;3;4;4;3;2;5;2;5;2;4;3;6;4;2;2;3;3;2;4;2;5;3;2;2;2;5;3;4;4;2;2;4;4;2;3;2;3;3;2;2;2;4;3;3;2;4;2;3;5;3;2;4;4;2;2;2;2;2;3;8;3;2;2;8;2;2;2;2;2;3;2;2;3;2;2;2;2;2;3;2;3;3;2;2;3;2;2;2;3;6;3;2;2;3;3;3;2;2;3;4;3;2;2;3;3;2;3;4;3;3;4;3;3;3;3;2;2;3;3;2;2;2;4;2;3;3;2;2;2;4;2;5;4;2;7;3;3;2;2;2;2;2;2;2;2;3;2;3;2;2;4;2;4;2;2;2;2;2;5;3;4;4;3;2;2;2;2;2;2;2;3;2;2;2;2;3;2;3;3;3;2;2;2;2;2;4;2;2;2;2;3;4;3;5;2;2;3;2;3;3;3;3;2;2;2;2;2;2;2;3;2;2;4;3;3;3;2;2;2;2;2;3;2;4;2;3;3;2;2;2;2;2;3;3;4;2;2;2;2;2;2;2;2;4;2;2;2;3;2;2;2;2;2;2;5;2;2;2;2;2;4;2;2;2;4;3;3;4;3;2;2;2;3;2;3;2;2;2;2;2;2;2;2;2;2;2;2;2;2;2;3;2;2;2;4;3;2;2;3;2;2;2;2;3;2;2;2;3;3;2;2;2;2;2;2;3;2;2;2;2;2;2;2;2;2;2;3;2;2;2;2;2;2;3;2;2;2;2;2;3;3;2;3;2;2;2;2;2;3;2;2;3;3;2;3;2;2;2;3;2;2;2;2;2;2;2;2;2;2;2;2;2;2;2;4;2;2;4;2;2;2;2;2;2;5;2;2;2;2;2;2;2;2;2;2;3;2;2;2;2;2;2;3;2;2;3;2;2;2;2;2;2;4;2;2;2;2;2;2;2;2;2;2;2;2;2;2;2;2;3;2;2;2;3;3;2;2;2;2;2;2;2;2;2;2;2;2;4;3;2;3;3;3;2;2;3;2;2;3;2;2;2;2;2;2;2;2;2;2;2;2;2;2;2;2;2;2;2;2;2;2;2;2;2;2;2;2;2;2;3;2;2;3;2;2;2;2;2;2;2;2;2;3;2;2;2;2;2;2;3;2;2;2;2;2;2;2;2;2;2;2;2;2;2;2;2;2;2;2;2;2;3;2;2;2;2;2;2;2;2;2;2;2;2;2;2;2;2;2;2;2;2;2;2;2;2;2;2;2;2;2;2;2;2;2;2;2;2;2;2;2;

Average degree: 3.994
Clustering coefficients:
0.00893769;0.00633319;0.0166667;0.018583;0.0172043;0.0075979;0.021645;0.133333;0.025;0.015873;0.0116959;0.0666667;0.0210526;0;0.0147059;0.010989;0.010989;0;0.333333;0.0181818;0;0.0444444;0.0833333;0;0.0714286;0;0.0181818;0.010989;0;0.0952381;0;0;0.142857;0;0;0;0.166667;0.0193548;0;0.0116959;0.00952381;0.030303;0.0555556;0;0.0666667;0;0;0;0.0666667;0;0;0.010989;0;0;0;0.0222222;0.047619;0;0;0.047619;0.0128205;0;0.0151515;0;0;0;0;0;0.1;0.0166667;0;0.0666667;0.0222222;0;0;0;0;1;0.1;0;0;0;0.0128205;0;1;0;0;0.0222222;0;0.166667;0;0.010989;0;0.0714286;0.0666667;0.0714286;0;0;0;0.030303;0;0;0;0;0.0833333;0;0;0;0;0;0;0;0.0555556;0;0;0;0;0.333333;0;0;0.166667;0;0.1;0;0;0;0.0181818;0.1;0.00735294;0;0.1;0;0;0.0130719;0;0;0;0;0;0;0;0.333333;0;0;0;1;0;0;0.1;0;0;0;0;0;0;0;0;0;0;0.0222222;0;0;0;0;0;0;0;0;0;0.047619;0;0;0;0;0;0;0;0;0.0277778;0;0;0.333333;0;0;0;0;0;0;0;0;1;0;0.0666667;0;0;0;0;0;1;0;0.047619;0;0;0;0;0.1;0;0;0;0;0.166667;0;0.333333;0;1;0;0.166667;0;0;0;0;0;0;0;0;0;0;0;0;0.333333;0;0;0;0;0;0;0;0;0;0;0;0;0;0;0;0;0;0;0;0;0;0;0;0;0;0;0;0;0;0;0;0;0;0;0;0;0;0;0;0;1;0;0;0;0;1;0;0.0666667;0;0;0;0;0;0;0;0;0;0;0;0;0;0;0;0;0;0;0.333333;0;0;0.1;0.1;0;0.1;0;0;0;0;0;1;0.2;0;0;0;0;0;0;0;0;0;0;0;0.333333;0.333333;0;0;0;0;0;0;0;0;0;1;0;0;0;0;0;0;0;0;0;0;0;0;0;0;0;0;0;0;0;0;0;0;0;0;0;0.166667;0;0;0;1;0;0;0;0;0;0;0;0;0;1;0;0;0;0;0;0;0.047619;0;0;0;0;0;0;0;0;0;0;0;0;0;0;0;0;0;0;0;0;0;0;0;0;0;0;1;0;0;0;0;0;0;0;0;0;0;0;0;0;0;0;0;0;0;0;0;0;0;0.333333;0;0;0;0;0.1;0;0;0;0;0;0;0;1;1;0;0;0;0;0;0;0;0;0;0;0;0;0;0;1;0;0;0;0;0;0;0;0;0;0;0;0;0;0;0;0;0;0;0;0;0;0;0;0;0;0;0;0;0;0;0;0;0;0;0;0;0;0;0;0;0;0;0;0;0;0;0;0;0;0;0.333333;0.333333;0;0;0;0;0;0;0;0;0;0;0;0;0;0;0;0;0;0;0;0;0;0;0;0;0;0;0;0;0;0;0;0;0;0;0;0;0;0;0;0;0;1;0;0;0;0;0;0;0;0;0;0;0;0;0;1;0;0;1;0;0;0;0;0;1;0;1;0;0;0;0;0;0;0;0;0;0;0;0;0;0;0;0;0;0;0;0;0;0;1;0;0;0;0;0;0;0;0.333333;1;0;0;0;0;0;0;0;1;0;0;0;0;0;0;0;0;0;0;0;0;0;0;0;0;0;0;0;0;0;0;1;0;0;0;0;0;0;0;0;0;0.333333;0;0;0;0;0;0;0;0;0;0;0;0;0;0;0;0;0;0;0;0;0;0;0;0;0;0;0;0;0;0;0;0;0;0;0;0;0;0;0.166667;0;0;0;0;0;0;0;0;0;0;0;0;0;0;0;0;0;0;1;0;0;0;0;0;0;0;0;0;0;0.333333;1;0;0;0;0;0;0;0;0;0;0;0;0;0;0;0;0;0;0;0;0;0;0;0;0.333333;0;0;0;0;0;0;0;0;0;0;0;0;0;0;0;0;0;0.333333;0;0;0;0;0;0;0;0;0;1;0;0;0;0;0;0;0;0;0.333333;1;0;0;0;0;0;0;0;0;0;0;0;0;0;0;1;0;0;0;0;0;0;0;0;0;0;0;0;0;0;0;0;0;0;0;0;0;0;0;0;0;0;0.333333;0;0;0;0;0;0;0;0;0;0;0;0;0;0;0;0;0;0;0;0;0;0;0;0;0;0;0;0;0;0;0;1;0;0;0;0;0;0;0;0;0;0;0;0;0;0;0;0;0;0;0;0;0;0;0;0;0;0;0;0;0;0;0;0;0;0;0;0;0;0;0;0;0;0;0;0;0;0;0;0;0;0;0;0;1;0;0;0;0;0;1;1;0;0;0;0;0;0;0;0;0;0;0;0;0;0;0;0;0;0;0;0;0;0;0;0;0;0;0;0;0;0;0;0;0;0;0;0;0;0;0;0;0;0;0;0;0;0;0;0;0;0;0;0;0;0;0;1;0;0;1;0;0;0;0;0;0;0;0;0;0;0;0;0;0;0;0;0;0;0;0;1;0;0;1;

Average clustering coefficient: 0.0490032
