=====================Analysis for network: Zachary-karate-club=====================
Vertex count: 34
Edge count: 78
Degree distribution:
16;9;10;6;3;4;4;4;5;2;3;1;2;5;2;2;2;2;2;3;2;2;2;5;3;3;2;4;3;4;4;6;12;17;

Average degree: 4.58824
Clustering coefficients:
0.15;0.333333;0.244444;0.666667;0.666667;0.5;0.5;1;0.5;0;0.666667;0;1;0.6;1;1;1;1;1;0.333333;1;1;1;0.4;0.333333;0.333333;1;0.166667;0.333333;0.666667;0.5;0.2;0.19697;0.110294;

Average clustering coefficient: 0.570638
Closeness centralities:
0.568965;0.485294;0.559322;0.464789;0.37931;0.383721;0.383721;0.44;0.515625;0.434211;0.37931;0.366667;0.370787;0.515625;0.370787;0.370787;0.284483;0.375;0.370787;0.5;0.370787;0.375;0.370787;0.392857;0.375;0.375;0.362637;0.458333;0.452055;0.383721;0.458333;0.540984;0.515625;0.55;

Network average: 5
Average distance: 2.4082
Eccentricities:
3;3;3;3;4;4;4;4;3;4;4;4;4;3;5;5;5;4;5;3;5;4;5;5;4;4;5;4;4;5;4;3;4;4;

======================================END==================================
